#taxonomy	magic.0040	magic.0112	magic.0134	magic.0317	magic.0020	magic.0402	magic.0232	magic.0315	magic.0435	magic.0018	magic.0124	magic.0150	magic.0532	magic.0030	magic.0079	magic.0013	magic.0132	magic.0316	magic.0374	magic.0001	magic.0243	magic.0173	magic.0542	magic.0146	magic.0100	magic.0537	magic.0156	magic.0244	magic.0456	magic.0339	magic.0053	magic.0367	magic.0016	magic.0164	magic.0231	magic.0551	magic.0048	magic.0331	magic.0440	magic.0004	magic.0531	magic.0179	magic.0526	magic.0539	magic.0075	magic.0149	magic.0242	magic.0514	magic.0246	magic.0017	magic.0078	magic.0011	magic.0109	magic.0131	magic.0552	magic.0465	magic.0015	magic.0527	magic.0021	magic.0063	magic.0396	magic.0337	magic.0471	magic.0428	magic.0547	magic.0287	magic.0272	magic.0148	magic.0110	magic.0050	magic.0307	magic.0170	magic.0268	magic.0417	magic.0300	magic.0538	magic.0334	magic.0290	magic.0541	magic.0278	magic.0335	magic.0059	magic.0549	magic.0217	magic.0543	magic.0322	magic.0433	magic.0429	magic.0473	magic.0189	magic.0028
k__Bacteria;NA;NA;NA;NA;NA;NA	3196	192	422	940	1590	259	630	270	512	1224	305	536	164	431	638	1559	1162	845	985	998	352	618	202	1593	432	239	142	546	587	295	55	1278	1127	163	984	673	1154	454	36	1227	558	1702	237	243	143	47	82	449	232	3977	1184	113	18	706	723	418	1404	1303	391	509	1305	1540	942	1182	1418	274	40	112	73	241	559	492	761	31	212	138	571	359	237	834	3341	283	503	502	204	30	13	1045	124	551	608
k__Bacteria;p__Actinobacteria;c__Actinobacteria;o__Actinomycetales;f__Actinomycetaceae;g__Actinomyces;s__Actinomyces odontolyticus	0	5	1	0	6	26	0	0	2	0	0	3	22	4	0	1	0	0	12	0	0	1	0	1	0	79	246	0	0	2	0	2	22	0	4	170	0	24	29	1	9	1393	13	0	2	6918	0	3830	0	276	0	1	0	1	151	2	0	71	1	0	190	0	3	1	79	19	0	0	7	0	8	0	25	2	1	170	238	2	24	67	92	3	100	0	110	0	0	0	0	41	82
k__Bacteria;p__Actinobacteria;c__Actinobacteria;o__Actinomycetales;f__Actinomycetaceae;g__Actinomyces;s__Actinomyces radingae	0	0	0	0	52	0	2	1	26	4	4	0	221	38	0	1	0	11	6	1	0	0	46	8	0	20	1	0	0	0	0	0	0	0	6	0	0	1	2	0	8	0	108	29	7	0	0	373	0	70	3	0	0	0	4	0	3	53376	0	6	3	0	2	3	210	2	10	0	0	0	0	0	7	135	0	0	1	0	0	5	179	0	0	0	16	7	1	0	0	9	52
k__Bacteria;p__Actinobacteria;c__Actinobacteria;o__Actinomycetales;f__Actinomycetaceae;g__Actinomyces;s__Actinomyces urinae	0	0	12	2	69	0	0	0	0	0	0	0	0	2	0	2	2	2	74	0	3	0	0	0	0	0	2	0	0	0	0	0	0	0	6	1	0	107	0	0	0	0	0	0	3	1	0	5	0	0	0	0	0	0	1	0	0	51	0	48	0	0	0	0	1	14	0	0	0	1	1	0	0	0	1	0	17	20	0	2	8981	0	0	0	113	0	0	0	0	32	7
k__Bacteria;p__Actinobacteria;c__Actinobacteria;o__Actinomycetales;f__Actinomycetaceae;g__Actinomyces;s__Actinomyces urogenitalis	1	0	2	4	0	1530	1942	0	3816	2	0	0	0	2	0	0	5	1	0	0	0	0	0	15262	0	0	1	0	3473	0	0	5	0	3	2	0	0	16	1	1	0	9	0	0	2	0	0	16	0	1	1	0	0	2	2	0	0	214	0	0	0	2	1	0	3	3	0	0	7	0	3	5	5	0	0	1	4	1	1	0	2	3	0	0	99	3	3	5	3	32	22
k__Bacteria;p__Actinobacteria;c__Actinobacteria;o__Bifidobacteriales;f__Bifidobacteriaceae;NA;NA	0	238	87	0	22	96	208	0	178	0	31	26	168	29	174	0	0	66	74	1	0	0	0	0	0	33	1	109	318	14	814	0	0	177	1	1	0	0	80	0	102	0	160	301	591	2	169	14	84	0	0	124	196	30	148	98	1	0	0	0	93	0	167	1	1	303	157	192	801	72	113	523	122	367	54	167	123	65	133	86	25	1130	114	169	112	355	71	305	76	59	59
k__Bacteria;p__Actinobacteria;c__Actinobacteria;o__Bifidobacteriales;f__Bifidobacteriaceae;g__Bifidobacterium;NA	3	10951	1161	114	492	6275	6985	12	6380	2	1119	274	10945	1357	10718	1	42	5878	6412	13	9	3	40	18	1	1818	38	10644	15551	1702	20360	20	2	1125	19	13	3	144	4558	4	7488	16	11240	19210	15577	38	4939	909	7735	8	4	8305	13460	388	8109	3442	149	70	9	7	9046	3	6515	148	77	7974	5329	11858	20072	5453	5355	11246	6308	22273	3193	9557	6444	3972	9017	4829	242	26045	5888	11715	7107	22676	2760	13876	3530	4753	3589
k__Bacteria;p__Actinobacteria;c__Actinobacteria;o__Bifidobacteriales;f__Bifidobacteriaceae;g__Bifidobacterium;s__Bifidobacterium adolescentis	4	5756	638	29	1375	103	11709	1	9351	5	992	177	1510	1204	98716	7	148	63	623	5	4	2	8	1	8	312	96	2368	16978	153	48863	5	24	252	9	7	37	122	320	0	1089	29	1608	2418	41382	71	339101	221	1577	71	5	1240	2461	230	4962	234335	6	17	1	9	106	2	490	29	77	33546	75456	1481	51221	960	690	35784	407	2601	628	5613	818	1063	1038	337	2	68590	1489	5054	47	2585	697	11589	266	4553	2084
k__Bacteria;p__Actinobacteria;c__Actinobacteria;o__Bifidobacteriales;f__Bifidobacteriaceae;g__Bifidobacterium;s__Bifidobacterium angulatum	1	1484	8	2	307	31	2282	0	1751	0	160	3	429	205	1878	1	5	744	80	1	2	0	2	3	0	180	16	27	3021	19	11537	2	1	4	1	1	3	10	84	0	107	2	378	429	10153	13	3896	81	543	2	0	235	122	3	1115	2644	0	2	2	2	26	2	27	11	1	3403	1371	270	12488	131	191	7755	34	451	312	1264	42	24	241	23	0	16698	154	1666	43	473	2431	4465	92	428	423
k__Bacteria;p__Actinobacteria;c__Actinobacteria;o__Bifidobacteriales;f__Bifidobacteriaceae;g__Bifidobacterium;s__Bifidobacterium animalis	0	1	72	0	0	2	17	1	5	1	2	0	4	11	9	6	10	0	0	1	18	0	0	0	0	2	0	0	89	0	70	0	0	2	7	1	0	572	0	0	3	0	5	11	33	4	28	8	0	1	0	0	0	1	1	14	0	0	0	0	0	3	1	4	0	107	6	6	57	9	3	28	0	17	9	2	141	120	2	3	44144	48	0	6	0	7	0	12	0	105	59
k__Bacteria;p__Actinobacteria;c__Actinobacteria;o__Bifidobacteriales;f__Bifidobacteriaceae;g__Bifidobacterium;s__Bifidobacterium asteroides	0	1	0	2	0	0	5	0	3	0	2	0	532	25	4	0	2	0	483	0	0	0	3	0	0	0	0	0	9	124	29	2	0	63	1	0	1	2	10	0	331	0	520	957	24	0	0	34	0	0	0	0	0	1	12	2	17	2	0	0	704	0	0	0	1	12	0	556	29	0	1	15	0	1050	0	127	3	314	771	0	0	54	96	787	499	1113	0	142	0	100	74
k__Bacteria;p__Actinobacteria;c__Actinobacteria;o__Bifidobacteriales;f__Bifidobacteriaceae;g__Bifidobacterium;s__Bifidobacterium bifidum	3	593	322	973	167	278	774	305	791	41	120	91	42853	1567	2942	49	546	454	1700	24	92	117	372	174	70	193822	228	967	3477	489	4386	98	30	84	196	515	30	1497	448620	20	998	181	23473	3632	2850	264	911	10403	192329	57	3	1862	388	30	1022	1118	37	337	30	31	675	132	202329	238	1285	3272	820	2089	3863	1414	257	1134	318742	3698	392409	276466	306917	504	840	322915	214	4795	227085	1157	236999	3521	411303	2302	515883	37916	38357
k__Bacteria;p__Actinobacteria;c__Actinobacteria;o__Bifidobacteriales;f__Bifidobacteriaceae;g__Bifidobacterium;s__Bifidobacterium breve	35	7662	364	1886	531	6895	6035	149	6095	70	1044	271	56313	2775	213008	57	501	199110	175401	56	22	68	510	253	25	2384	124	396281	232357	50449	20710	195	28	80	110	79	48	1150	2685	35	51823	561	49239	57083	16317	261	973	9994	120316	165	25	25289	10189	290	50771	732	5508	430	47	45	315748	64	4963	224	626	5289	4119	31910	20947	60543	5144	10069	4414	59959	4118	106134	5443	4214	331568	2916	65	26692	54362	342026	191874	60983	3122	388725	1098	107787	19761
k__Bacteria;p__Actinobacteria;c__Actinobacteria;o__Bifidobacteriales;f__Bifidobacteriaceae;g__Bifidobacterium;s__Bifidobacterium dentium	44	1248	364371	40	855	44	4018	3	2789	36	325	85470	930	1617	1794	26	100	3	24	70	38	68	20	6	45	27	103	8	3524	2	11826	9	0	393796	46	31	3	76	20376	1	327	13	1021	61	9726	180	580	217	9	916	27	277	122	119686	467	392	24	41	1	4	5	0	37	50	34	6597	682	69	12534	50	63	12775	7	53	125	1514	381	3062	1465	13	74	16375	213	1274	6	52	19	1928	23	2126	10425
k__Bacteria;p__Actinobacteria;c__Actinobacteria;o__Bifidobacteriales;f__Bifidobacteriaceae;g__Bifidobacterium;s__Bifidobacterium longum	70	418932	158	1103	3601	253831	132839	229	140092	130	38456	160	197980	38586	103180	171	405	16382	41847	339	101	71	671	130	34	13999	481	12936	214511	6762	210745	211	57	170	414	234	98	2983	53178	46	170038	249	216763	383059	113142	527	857	13211	122365	86	55	277826	480004	153	206574	1059	279	1111	56	155	21453	104	233248	5849	1282	102087	180547	234121	168469	151055	190716	21109	195649	442994	1208	125207	200243	149372	23098	131130	168	199957	108596	39868	41225	449926	1329	53114	735	49721	83507
k__Bacteria;p__Actinobacteria;c__Actinobacteria;o__Bifidobacteriales;f__Bifidobacteriaceae;g__Bifidobacterium;s__Bifidobacterium scardovii	0	456	8	9	14	462	369	1	356	0	68	2	2108	111	601	1	1	341	512	3	0	0	7	1	0	26	2	699	733	105	869	5	0	11	4	3	1	23	133	0	1259	0	2340	4172	637	4	55	130	278	1	0	318	575	5	547	33	1	12	0	0	731	0	520	13	9	365	386	2640	887	203	268	309	437	4831	26	502	510	307	2239	308	0	1195	229	793	75	4985	88	821	68	555	237
k__Bacteria;p__Actinobacteria;c__Actinobacteria;o__Bifidobacteriales;f__Bifidobacteriaceae;g__Parascardovia;s__Parascardovia denticolens	0	1	1978	0	1	0	4	0	0	0	0	0	0	0	3	0	1	0	0	0	0	0	0	0	0	1	0	0	3	0	10	0	0	2756	1	0	0	0	134	4	0	0	1	1	7	0	4	1	360	0	0	0	0	0	1	1	0	0	0	0	0	0	2	0	0	9	21	0	11	11	0	5	1	2	0	1	3	48	1	1	0	14	0	1	0	1	0	0	0	9	52
k__Bacteria;p__Actinobacteria;c__Actinobacteria;o__Micrococcales;f__Micrococcaceae;g__Rothia;s__Rothia mucilaginosa	39	78	81	0	7	6	3	0	9	22	0	0	4	2	123	1	159	20	0	0	44	0	397	2955	0	1	1117	36	63	2	22	0	0	0	84	28	14	6	14	1	3	3326	0	110	0	894	0	1339	1	191	9	6	0	0	3	0	0	1	5	12	42	2	7	158	282	1179	28	37	284	13	11	0	0	0	6	66	9	296	11	0	44	11	6	231	9	3	173	13	100	55	22
k__Bacteria;p__Actinobacteria;c__Actinobacteria;o__Propionibacteriales;f__Propionibacteriaceae;g__Cutibacterium;s__Cutibacterium avidum	1109	1915	24	11	944	0	2	0	0	5	1	0	4	542	5	5	10	0	0	15	0	2	1	5	1	2	55	891	291	1	21726	2559	33099	2473	14	1	24	49	4	132	0	0	0	1	36312	3	1418	111	3	5	32	4	4	0	0	4	8	7	0	7	3	0	60	0	10	5	0	1	9231	1	1	3	66	79	0	0	17	27	1	92	13	68	10	0	0	4	2	10	0	23	779
k__Bacteria;p__Actinobacteria;c__Actinobacteria;o__Streptomycetales;f__Streptomycetaceae;g__Streptomyces;s__Streptomyces auratus	8	14	14	76	15	16	6	64	11	530	9	22	1	278	54	22	2	0	0	1	0	869	5	10	11	0	31	3	16	0	77	18	3	16	20	52	98	2969	668	0	1	68	0	1	2	0	15	111	0	3	8	5	8	432	0	23	258	2	5	6	8	0	5	10	35	128	1	0	29	3	1	0	0	0	0	869	0	2	0	0	2	14	10	5	0	0	1	2	0	32	1075
k__Bacteria;p__Actinobacteria;c__Actinobacteria;o__Streptomycetales;f__Streptomycetaceae;g__Streptomyces;s__Streptomyces olivochromogenes	0	1	0	0	0	0	0	0	0	0	0	0	0	0	0	0	0	0	2	0	0	0	0	0	0	0	0	0	0	0	0	0	0	0	0	0	0	0	4	0	0	0	0	0	0	0	0	0	0	0	0	0	0	0	0	0	0	0	0	0	0	0	0	0	0	0	0	0	0	0	0	0	0	0	0	0	0	0	0	0	0	0	0	0	0	0	0	0	0	0	39455
k__Bacteria;p__Actinobacteria;c__Coriobacteriia;o__Coriobacteriales;f__Coriobacteriaceae;g__Collinsella;s__Collinsella bouchesdurhonensis	2	1	0	2	0	0	0	0	0	2	0	1	0	4	0	0	2	2	8	0	0	0	2	0	0	338	3	0	0	1	38	0	0	0	0	0	0	3	4	0	0	0	0	2	19	8	5	12	0	0	0	1	0	0	1	0	1	5	0	2	0	0	0	0	4	1212	31208	0	2	0	107	0	0	0	11	0	4	1	0	2	0	757	215	5	0	0	0	2	1	1275	37
k__Bacteria;p__Actinobacteria;c__Coriobacteriia;o__Coriobacteriales;f__Coriobacteriaceae;g__Senegalimassilia;s__Senegalimassilia anaerobia	0	0	0	2	0	0	0	0	0	0	0	0	1	2	0	0	1	8	245	0	0	0	0	0	0	203	0	0	0	87	7	0	0	0	0	0	0	1	15	0	0	0	0	0	5	1	0	1	0	0	0	0	0	0	2	0	0	1	0	0	0	0	0	0	1	5514	514	1	2	0	38	0	0	0	24	72	1	0	0	0	0	189	59	0	1	0	0	12	16	32	15
k__Bacteria;p__Actinobacteria;c__Coriobacteriia;o__Eggerthellales;f__Eggerthellaceae;g__Eggerthella;s__Eggerthella lenta	1	1104	12	76	57	1810	0	6	125	1	1	3	3100	662	17	6767	9	1878	5926	2	16	2	9	4	299	994	5	2601	1	1423	12	5	1	0	4	4	2	63	8	0	1671	2	3221	4279	1167	5	1	265	1108	1	0	1	5	0	1280	3	4	26	1975	298	11	2	603	0	19	16	336	2132	7	1	71	3	39	121	50	72	508	21	799	711	4610	23	463	5	1883	142	2	46	1	1334	905
k__Bacteria;p__Bacteroidetes;c__Bacteroidia;o__Bacteroidales;NA;NA;NA	5	506	15	72	1480	4422	6997	48924	5817	9	7581	11	2435	7070	2315	3533	21	1224	8313	998	7151	4	9	6066	5927	4142	36	1875	3	21236	6059	33003	555	2392	9	8	1	44	110	1048	10112	4	2872	1105	13843	62	5372	2811	2669	4752	2	5088	13	21	4889	5464	5	18	28075	23103	15	12815	2296	5	54	9557	4977	6544	9070	6955	7022	7329	712	149	14	73	662	33	2701	2088	6	4275	3404	2	717	239	14	258	357	2495	12331
k__Bacteria;p__Bacteroidetes;c__Bacteroidia;o__Bacteroidales;f__Bacteroidaceae;NA;NA	1	68	0	14	131	346	706	1003	592	1	638	1	530	622	114	801	0	913	1026	3	64	0	2	455	54	432	1	71	1	1934	317	531	4	19	1	1	0	2	2	21	1673	2	498	35	771	3	122	112	281	37	0	118	3	3	273	156	0	2	3031	2360	0	174	471	1	3	1151	77	193	256	296	36	1360	38	14	1	41	45	1	30	313	0	257	140	0	54	0	1	10	7	405	771
k__Bacteria;p__Bacteroidetes;c__Bacteroidia;o__Bacteroidales;f__Bacteroidaceae;g__Bacteroides;NA	4	452	10	72	1714	3695	4877	17330	8311	7	3751	14	4591	4646	1112	10144	16	4289	16181	2785	3290	3	20	3892	1897	15326	32	805	9	31399	6957	19215	1504	561	8	11	2	57	30	2367	14815	9	5221	930	16470	35	9336	1190	2293	9235	2	10101	14	14	3451	9299	5	22	43098	33711	13	5345	4289	7	66	10477	3651	3331	10989	10445	6632	2052	730	342	22	104	774	17	6017	2897	2	5389	3001	6	1342	151	20	267	404	1817	7645
k__Bacteria;p__Bacteroidetes;c__Bacteroidia;o__Bacteroidales;f__Bacteroidaceae;g__Bacteroides;s__Bacteroides caccae	7	11	1	2	23	15	184	1086	249	6	159	0	10	1475	65	14	2	30	118	261669	10	1	9	17	106	126	5	19	0	196	31	1143	140790	14	1	8	4	6	1	168587	89	0	4	254	29	276	78	399	79	42868	1	265	16	1	20350	234	19	12	202	198	0	616	20	1	37	106	528	323	27	222	318	58	90	2	2	2	67	4	371	2237	2	333	12124	1	12625	481	10	3	31	118	3048
k__Bacteria;p__Bacteroidetes;c__Bacteroidia;o__Bacteroidales;f__Bacteroidaceae;g__Bacteroides;s__Bacteroides cellulosilyticus	0	1	0	4	9	10	144	471	148	1	273	0	399	305	73	111	1	19	242	244	308	0	1	13	65	200	1	19	0	578	7	743	55	3	0	2	0	3	1	6204	202	0	523	29	29	5	13	82	15	222	0	143	0	1	323	295	0	2	131	290	0	425	163	0	3	2308	88	229	2	151	629	79	54	112	1	0	38	0	36	153	0	11	183	0	2	1	0	3	2	50	215
k__Bacteria;p__Bacteroidetes;c__Bacteroidia;o__Bacteroidales;f__Bacteroidaceae;g__Bacteroides;s__Bacteroides coprocola	2	171	1	16	577	722	1344	4273	3089	1	2176	3	48	2231	115	75	6	1554	5322	301	4	0	3	689	93	269	13	180	0	8871	1781	3877	1	147	2	1	0	8	6	124	4585	0	48	126	5477	13	383	162	747	817	0	3656	1	4	804	796	1	2	16269	12955	2	451	1251	0	12	1967	102	3522	2917	4062	1203	269	218	98	1	40	160	0	427	834	2	1291	381	1	212	7	5	63	44	483	2462
k__Bacteria;p__Bacteroidetes;c__Bacteroidia;o__Bacteroidales;f__Bacteroidaceae;g__Bacteroides;s__Bacteroides coprophilus	0	11	1	0	70	269	222	2719	644	1	330	1	156	245	61	651	1	146	529	1	110	0	1	267	32	952	1	62	0	960	41	2348	1	83	1	1	0	5	4	30	476	0	228	46	172	5	202	132	181	141	0	155	0	1	395	159	0	0	2630	1700	0	670	1997	0	0	299	116	304	61	152	109	58	479	2	0	11	237	0	53	1153	2	40	188	0	29	6	2	7	23	50	311
k__Bacteria;p__Bacteroidetes;c__Bacteroidia;o__Bacteroidales;f__Bacteroidaceae;g__Bacteroides;s__Bacteroides fluxus	0	44	0	7	170	475	226	2954	186	2	465	1	238	460	146	824	1	41	1485	12	671	0	2	421	442	568	1	93	0	2767	485	2534	2	23	1	0	0	3	2	30	1093	2	333	23	883	1	413	142	123	194	0	67	0	1	200	511	0	1	5240	4663	1	771	121	0	6	287	33	154	569	130	403	145	31	5	0	1	26	0	270	79	0	514	657	0	37	1	0	13	3	73	526
k__Bacteria;p__Bacteroidetes;c__Bacteroidia;o__Bacteroidales;f__Bacteroidaceae;g__Bacteroides;s__Bacteroides fragilis	11	24972	425	58	142	202165	120754	2290	67902	51	491	5	93	1011	81	4	229	541	1597	10	392280	25	27	285207	69	39176	70	17	13	3554	132	1161	13	166	23	33	3	301	15	36	1970	38	4	790	446	48	330	576	10378	1642	17	160	13	16	4071	291	26	14	3200	3044	5	349	267	40	156	415	97101	451	245	13349	89961	248621	79	20	204	181	221	876	11546	230	11	147	14255	16	23	85	40	17	66	9980	10878
k__Bacteria;p__Bacteroidetes;c__Bacteroidia;o__Bacteroidales;f__Bacteroidaceae;g__Bacteroides;s__Bacteroides nordii	1	0	14	7	23	766	197	348	109	2	172	0	315	255	175	564	3	11	876	2	16241	0	0	909	28	914	2	71	0	1821	98	417	0	10	1	1	0	8	1	6	920	5	305	44	196	5	644	68	1313	80	0	428	1	0	180	613	0	2	115	522	0	214	362	1	18	435	1593	75	107	753	217	180	106	17	11	82	19	28	457	131	4	119	252	0	25	10	0	22	19	168	526
k__Bacteria;p__Bacteroidetes;c__Bacteroidia;o__Bacteroidales;f__Bacteroidaceae;g__Bacteroides;s__Bacteroides ovatus	1	16	4	83	1411	162	37697	637	11635	16	13471	22	27	12292	4332	27	29	89	13380	248	8	2	9	229	5361	10403	20	256	5	18443	132	806	128	5	15	6	2	75	16	166	7352	11	7	3398	1558	39	7613	378	5128	145	0	206	19	35	4728	31892	4	8	59993	35146	14	427	4160	8	91	76051	48706	1182	141	499	118708	3130	10839	16	8	140	6803	13	920	13344	0	574	19587	13	32	167	13	20	8285	2449	11515
k__Bacteria;p__Bacteroidetes;c__Bacteroidia;o__Bacteroidales;f__Bacteroidaceae;g__Bacteroides;s__Bacteroides plebeius	0	1	3	24	281	3004	198	17086	309	1	439	2	829	1133	119	1138	3	110	8191	2	752	0	0	4227	1	3489	3	61	1	8534	567	14803	2	796	3	6	0	15	24	33	5934	4	948	367	1607	22	346	1441	121	51	0	169	2	3	876	750	0	6	8559	8139	5	3762	612	0	10	1364	92	1388	989	309	1949	134	159	54	2	8	161	5	31	456	0	367	1727	2	184	30	5	8	1	401	6629
k__Bacteria;p__Bacteroidetes;c__Bacteroidia;o__Bacteroidales;f__Bacteroidaceae;g__Bacteroides;s__Bacteroides salanitronis	0	5	0	0	105	372	6	121	14	0	192	0	221	136	29	419	0	399	33	0	21	0	0	506	87	24	3	0	0	166	903	209	0	2	0	0	0	3	0	1	21	0	302	16	2381	0	51	34	25	17	1	45	0	1	110	39	0	1	9	45	0	135	2	0	0	782	4	30	1318	110	16	5	1	0	0	1	0	0	1	1	0	548	49	0	17	0	0	2	21	146	104
k__Bacteria;p__Bacteroidetes;c__Bacteroidia;o__Bacteroidales;f__Bacteroidaceae;g__Bacteroides;s__Bacteroides salyersiae	0	120	2	11	151	549	533	1919	592	2	563	1	1153	522	180	2195	3	1064	774	4	1385	1	2	686	40	1170	8	71	1	1356	929	1594	3	19	0	3	0	7	4	90	823	0	876	109	2099	6	446	163	201	475	0	646	3	1	602	510	2	4	2214	1786	0	292	140	1	12	618	2177	1283	1357	1924	609	715	74	61	2	6	119	4	285	242	2	706	436	0	29	9	2	10	211	583	556
k__Bacteria;p__Bacteroidetes;c__Bacteroidia;o__Bacteroidales;f__Bacteroidaceae;g__Bacteroides;s__Bacteroides stercoris	5	43	12	228	143	44	748	544	2785	19	27119	2	1658	18869	6417	1507	20	75170	2081	126	385	5	15	56	1891	2529	28	60	13	4670	216	755	80	132	4	4	3	11	33	91	1965	4	1850	179	325	15	132	1601	148	772	1	84	9	59	1887	128	1	9	996	3835	2	427	104	0	19	364	321	1468	200	100	628	6725	59	16	1	5	39	3	619	162	0	356	2892	3	86	52	8	13	31	23379	2640
k__Bacteria;p__Bacteroidetes;c__Bacteroidia;o__Bacteroidales;f__Bacteroidaceae;g__Bacteroides;s__Bacteroides thetaiotaomicron	2	25	5	94	58	94	6250	57657	6059	23	21010	3	308	15980	208	432	15	116	736	313	739	4	5	194	6224	659	20	65	1	1183	194	88526	158	90	11	3	1	17	29	193	633	0	343	4787	332	142	1109	5752	820	248	1	22459	24	57	1940	1084	5	4	267	551	2	51603	141	2	3	370	3520	145401	388	82269	965	1984	152	16	10	36	35	28	284	167	6	212	1411	2	79	264	10	0	122	4658	10055
k__Bacteria;p__Bacteroidetes;c__Bacteroidia;o__Bacteroidales;f__Bacteroidaceae;g__Bacteroides;s__Bacteroides uniformis	12	48	34	235	944	164	121	189	621	48	69243	22	93495	55489	1676	168192	26	83	14962	31	25714	3	107	194	1006	904	84	9967	18	88908	290	218	105	177	20	41	8	423	95	1386	6207	42	77625	337	3885	34	1228	3684	4323	298	0	664	7	147	2665	1182	16	300	587	20133	22	60	1853	14	228	34742	81	7553	402	2338	894	213	2453	362	16	79	166	121	248	7582	6	415	1291	13	46	27	24	18	46	961	10915
k__Bacteria;p__Bacteroidetes;c__Bacteroidia;o__Bacteroidales;f__Bacteroidaceae;g__Bacteroides;s__Bacteroides vulgatus	44	123	66	908	18689	1050	6236	378163	104690	147	125129	142	57234	112972	50186	8772	240	142	128416	742	1047	30	214	1433	203552	149743	472	6983	53	241542	120721	183075	347	93	86	126	26	678	193	463	170643	31	77894	2002	204184	676	147915	22009	35979	112249	13	9396	154	326	71077	119170	52	334	279154	251692	67	60023	44929	46	1130	77244	16015	50593	132413	7340	4755	1342	349	5570	222	2984	1763	108	87099	11316	61	142682	16224	44	16632	30	137	2622	9110	13276	121493
k__Bacteria;p__Bacteroidetes;c__Bacteroidia;o__Bacteroidales;f__Bacteroidaceae;g__Mediterranea;s__Mediterranea massiliensis	1	53	1	9	206	216	602	1269	1351	0	452	1	297	538	184	455	3	568	568	1	543	0	0	265	69	506	4	26	0	2116	555	950	0	110	1	1	0	1	2	13	1261	0	289	50	2116	3	310	116	207	169	0	99	1	3	445	378	0	1	5898	4101	0	499	161	0	3	893	207	217	964	239	149	378	35	23	2	23	23	2	51	101	0	463	206	0	6	4	1	22	6	337	1327
k__Bacteria;p__Bacteroidetes;c__Bacteroidia;o__Bacteroidales;f__Barnesiellaceae;g__Barnesiella;s__Barnesiella viscericola	0	5	1	0	7	1	2	1022	6	0	182	0	199	147	51	258	0	10	45	0	618	0	0	6	8	11	0	22	0	162	7	737	0	0	0	0	0	0	0	0	81	0	194	37	14	1	491	77	52	7	0	17	0	1	385	441	0	1	230	247	0	269	2	0	0	241	26	87	7	16	21	0	1	2	0	2	1	2	9	4	0	14	85	0	1	1	1	0	2	36	82
k__Bacteria;p__Bacteroidetes;c__Bacteroidia;o__Bacteroidales;f__Odoribacteraceae;g__Culturomica;s__Culturomica massiliensis	0	47	0	2	18	0	152	220	53	0	12	1	98	44	1	166	1	7	47	0	0	0	2	0	767	225	0	5	0	187	10	193	0	17	0	1	0	2	0	4	109	0	73	16	36	1	484	24	23	2633	0	298	0	0	152	523	1	0	521	562	0	72	1	0	0	142	11	23	9	276	178	8	56	8	0	0	1	0	2052	47	2	14	118	0	48	7	0	20	0	64	163
k__Bacteria;p__Bacteroidetes;c__Bacteroidia;o__Bacteroidales;f__Odoribacteraceae;g__Odoribacter;s__Odoribacter splanchnicus	0	182	0	4	20	0	168	152	127	1	72	0	19	96	162	31	1	30	232	34	35	0	1	0	42	865	1	7	0	400	67	329	21	246	0	1	0	2	17	51	220	0	26	44	131	1	787	26	45	128	0	445	1	0	489	778	0	1	542	431	0	113	69	0	4	355	779	170	93	500	208	112	23	5	0	2	22	2	66	75	0	54	183	0	18	4	0	5	6	41	141
k__Bacteria;p__Bacteroidetes;c__Bacteroidia;o__Bacteroidales;f__Prevotellaceae;g__Prevotella;NA	0	12	2	11	76	501	419	20	1094	1	3	0	1	87	1	1	2	6	763	4	60	0	0	606	642	616	1	48	1	1261	324	15	0	2	2	0	1	2	1	0	2435	2	3	32	854	1	8	14	262	20	0	1929	0	1	694	19	1	2	1341	1113	0	5	570	0	12	14	34	6	508	1809	521	41	20	134	0	14	29	0	24	167	0	246	72	1	2	10	1	20	26	27	341
k__Bacteria;p__Bacteroidetes;c__Bacteroidia;o__Bacteroidales;f__Prevotellaceae;g__Prevotella;s__Prevotella stercorea	0	1	0	4	31	22	45	118	27	0	32	1	0	69	28	1	0	15	432	0	0	0	0	19	5	19	0	16	0	974	5	66	0	12	0	0	0	0	2	1	572	0	0	13	40	1	244	5	20	46	0	7	2	1	86	189	0	0	955	928	0	23	12	0	0	246	85	36	2	10	21	48	15	3	0	1	6	0	12	11	0	17	8	1	18	3	0	3	0	27	208
k__Bacteria;p__Bacteroidetes;c__Bacteroidia;o__Bacteroidales;f__Rikenellaceae;g__Alistipes;s__Alistipes finegoldii	0	1	1	2	8	1204	61	863	129	0	29	0	1081	76	60	463	0	2	17	1	13	0	9	1648	112	39	0	82	0	111	7	1139	0	60	1	1	1	6	9	1	36	0	5558	10	21	1	128	408	46	268	0	127	0	0	404	115	0	24	230	178	0	566	100	1	15	1008	31	14	7	168	72	13	7	6	0	1	6	2	58	73	2	11	32	0	831	3	0	0	7	32	260
k__Bacteria;p__Bacteroidetes;c__Bacteroidia;o__Bacteroidales;f__Rikenellaceae;g__Alistipes;s__Alistipes putredinis	0	32	1	0	9	0	45	109	102	2	21	2	6	60	60	1	0	1	176	1	293	0	1	1	27	29	0	113	0	339	0	127	0	4	0	0	0	0	0	1	222	5	19	64	12	0	1	12	27	66	0	67	0	0	2348	6	0	0	491	378	0	52	12	0	3	274	14	4	2	59	292	8	22	0	0	1	10	2	7	65	0	6	230	0	9	18	0	10	0	18	119
k__Bacteria;p__Bacteroidetes;c__Bacteroidia;o__Bacteroidales;f__Tannerellaceae;g__Parabacteroides;s__Parabacteroides distasonis	11	1728	40	47	771	5	3361	670	9722	19	445	18	19	3157	22359	75	58	109	3592	194	20558	20	13	12	45850	207	30	12035	4	4997	9756	479	3	68991	14	6	12	75	2904	58	290	16	23	6806	7978	24	16994	192	4911	31674	4	177884	11	11	1484	41647	24	6	980	12751	1	156	2206	16	37	69492	7475	1284	14362	167123	87634	56	4290	171	28	83	2332	86	5738	12210	25	10164	3675	10	20	2948	14	12	12	2868	6162
k__Bacteria;p__Bacteroidetes;c__Bacteroidia;o__Bacteroidales;f__Tannerellaceae;g__Parabacteroides;s__Parabacteroides goldsteinii	0	0	0	0	3	0	159	7	69	0	2	0	4	31	55	8	0	106	117	131	8	0	0	4	3	55	0	38	0	165	2	18	62	33	0	0	0	2	0	82	86	0	4	38	21	1	29	5	2	61	0	149	0	0	82	84	0	1	416	293	0	9	138	0	1	81	23	33	0	231	797	18	7	6	0	0	15	0	170	60	0	14	1108	0	7	7	0	0	0	41	126
k__Bacteria;p__Bacteroidetes;c__Bacteroidia;o__Bacteroidales;f__Tannerellaceae;g__Parabacteroides;s__Parabacteroides johnsonii	1	26	2	14	273	3198	810	13010	572	4	2479	5	775	2380	83	122	3	23	1033	653	1225	0	2	4580	442	1395	3	214	1	3207	737	8900	309	168	1	3	0	18	13	419	1822	0	976	246	1119	20	595	799	605	504	0	451	0	7	1791	1654	0	4	6876	5268	0	3915	1340	0	12	1020	230	4047	640	1170	1153	999	137	81	1	32	212	8	263	235	0	528	2844	0	114	43	3	10	32	628	3359
k__Bacteria;p__Firmicutes;NA;NA;NA;NA;NA	40	90	302	1002	292	44	86	13	255	42	76	251	104	238	595	77	663	2160	2019	697	1631	11	1549	1627	50	335	384	1212	586	887	182	1260	336	205	212	929	17	896	53	784	1755	2052	130	297	465	150	148	573	33	2714	24	131	19	552	1687	181	1534	8750	58	1027	1178	43	947	520	199	332	1758	60	188	141	483	33	605	53	278	43	267	144	454	502	1757	122	546	234	121	10	1	913	247	633	386
k__Bacteria;p__Firmicutes;c__Bacilli;o__Bacillales;f__Staphylococcaceae;g__Staphylococcus;NA	1044	76	1062	389	40	0	54	0	1	235	0	25	2	165	14	1636	1527	6	0	8	7	136	74	228	7	0	26	3	181	0	538	140	172	127	2	2	20	72	0	222	0	57	0	0	3	20	51	909	0	190	0	0	171	5	0	40	138	1	0	1	0	313	0	1	310	19	7	9	23	41	0	850	0	0	39	0	1	498	0	0	0	463	0	55	1	24	11	2	1	4703	30
k__Bacteria;p__Firmicutes;c__Bacilli;o__Bacillales;f__Staphylococcaceae;g__Staphylococcus;s__Staphylococcus aureus	1	0	603	0	0	2	76	0	1	2	0	1	5	18	0	1	3	39	0	0	118	488	11	0	0	3	26	0	0	0	2	0	0	1311	0	0	1	5	38	0	0	143	0	0	0	27	477	23	1	3271	0	0	208	1	19	2864	0	0	25	3	88	0	1	1	1	1123	0	0	0	1	14	101	0	0	1229	23	1	2998	0	1	53	0	8	2812	0	0	21	0	0	87	163
k__Bacteria;p__Firmicutes;c__Bacilli;o__Bacillales;f__Staphylococcaceae;g__Staphylococcus;s__Staphylococcus epidermidis	52611	2334	38045	15722	825	38	54	12	29	8551	1	677	2	6673	412	38955	80040	11	2	162	22	3655	422	9183	237	1	680	55	7664	2	13151	4665	7186	2755	54	42	1339	4577	10	7647	2	1391	4	27	55	662	492	34240	2	6119	8	11	2898	169	3	14	4882	18	43	4	2	9946	3	27	14123	133	156	117	272	1609	27	20312	4	17	126	0	38	18903	3	31	6	8189	0	240	9	28	27	7	48	149282	1743
k__Bacteria;p__Firmicutes;c__Bacilli;o__Bacillales;f__Staphylococcaceae;g__Staphylococcus;s__Staphylococcus hominis	216	276	117	2025	432	0	1220	0	3	3652	6	81	0	3604	1	22041	403	101	0	2	0	7	1254	45	0	0	3	3	14	0	2252	18	638	3	1	0	316	148	3	852	0	24	0	1	5	7	607	10234	0	14	15	0	841	4	0	1	11	0	0	0	0	67	0	0	1236	12	0	15	227	14	1	3224	0	9	119	1	0	55	0	0	2	6239	0	77	0	0	169	0	0	360	452
k__Bacteria;p__Firmicutes;c__Bacilli;o__Bacillales;f__Staphylococcaceae;g__Staphylococcus;s__Staphylococcus warneri	34	0	28	33	2	0	16	0	0	26	1	2	0	47	0	118	270	1	0	1	0	2	2	13	1	0	1	0	5	0	10	15	6	6	0	0	3	1	1	10	0	4	0	0	0	1	2	74	0	15	0	0	3	0	0	2	17	0	0	0	0	17	0	1	23	0	0	0	0	23	0	46	0	0	0	0	0	11	0	0	0	20	0	0	0	0	1	0	0	20210	37
k__Bacteria;p__Firmicutes;c__Bacilli;o__Lactobacillales;NA;NA;NA	613	22	52	1524	473	1	11	1	38	29	1	22	5	40	10	348	134	255	45	91	40	2	168	282	3	148	22	62	48	29	19	479	55	12	117	6	14	100	4	110	52	197	15	43	234	5	43	37	12	523	28	11	10	3	27	48	327	127	5	14	126	572	63	27	3	125	1	1	392	24	0	30	0	5	208	6	3	494	70	14	666	3	186	3	67	12	3	0	26	59	22
k__Bacteria;p__Firmicutes;c__Bacilli;o__Lactobacillales;f__Enterococcaceae;g__Enterococcus;NA	1108	7	8	1125	858	7	1	0	3	63	1	48	54	75	0	862	85	129	94	502	4	2	14	754	0	21	0	0	137	12	19	1240	235	0	427	3	24	67	1	603	60	18	45	81	7	2	5	80	13	8	74	21	6	10	55	17	943	488	0	75	450	405	68	43	0	47	0	0	18	34	0	5	0	12	19	12	3	4	0	25	944	20	234	0	17	3	0	2	1	50	7
k__Bacteria;p__Firmicutes;c__Bacilli;o__Lactobacillales;f__Enterococcaceae;g__Enterococcus;s__Enterococcus casseliflavus	0	0	20	4	0	4	2	0	0	1	0	1	459	7	0	1	4	0	0	0	7	0	2	0	0	0	1	0	0	0	0	0	0	4	3	3	0	188	0	0	75	0	43	0	0	2	1	14	0	0	0	0	0	0	1	7	0	1	0	3	0	0	4114	4	9	38	0	0	0	2	1	0	12	2	3	1	96	35	0	1329	22262	0	14243	2	0	0	0	0	0	27	37
k__Bacteria;p__Firmicutes;c__Bacilli;o__Lactobacillales;f__Enterococcaceae;g__Enterococcus;s__Enterococcus faecalis	431679	1606	1940	97040	180102	427	21	20	67	20675	6	4332	2723	24544	13	170333	28220	12533	4558	52518	5	31	1621	66614	1	3425	62	9	10811	639	595	101025	23584	20	26631	1126	4984	10937	55	60672	192	4427	6048	13141	5	280	10	7863	764	20	12767	2244	269	486	4653	12	94171	27480	11	33	40074	129483	653	9124	75	107	10	6	45	3068	9	107	17	110	1722	108	91	112	8	12	16128	178	6	6	1306	58	10	237	328	4266	5294
k__Bacteria;p__Firmicutes;c__Bacilli;o__Lactobacillales;f__Enterococcaceae;g__Enterococcus;s__Enterococcus faecium	27	0	2	622	442	0	0	0	2	19	0	9	1559	64	0	43	50	53	21	92	0	0	4	106	0	4	0	1	10	5	2	544	39	0	266	2	14	41	1	111	20	4	1216	1	17	1	160	86	3	44	25	5	2	2	14	2	153	364	0	280	63	9	19	4	1	0	0	0	0	4	1	0	0	2	2	34	3	0	0	8	187	0	77	0	1	0	0	0	0	14	171
k__Bacteria;p__Firmicutes;c__Bacilli;o__Lactobacillales;f__Lactobacillaceae;g__Lactobacillus;NA	0	0	2	5	36	0	0	0	1	1	0	0	0	11	1	0	3	0	0	0	145	0	0	0	1	2	1	426	0	0	2	171	15	0	12	0	0	0	2	354	0	0	6	3	1028	3	0	10	56	2	0	0	0	0	2	13	0	5	0	1	0	3	0	3	0	0	28	9	1536	107	0	3	0	0	0	2	1	8585	326	0	13	3	10	0	210	0	0	0	57	23	52
k__Bacteria;p__Firmicutes;c__Bacilli;o__Lactobacillales;f__Lactobacillaceae;g__Lactobacillus;s__Lactobacillus gasseri	0	0	1	11	0	1	0	0	1	0	1	0	1	5	0	1	1	0	0	4	0	0	0	0	0	0	0	0	0	0	5	2106	218	0	0	1	2	8	1	10012	0	0	2	1	0	16	0	157	1	12	0	0	0	0	0	0	2	1	0	0	0	0	0	44	0	2	761	0	2	0	1	3	0	0	5	1	15	297487	10	0	0	25	1	0	0	0	0	0	820	624	208
k__Bacteria;p__Firmicutes;c__Bacilli;o__Lactobacillales;f__Lactobacillaceae;g__Lactobacillus;s__Lactobacillus paracasei	1	0	6	0	1326	1	0	0	41	1	1	0	1	245	0	2	95	0	0	2	4468	0	4	0	0	1	65	749	0	0	2	2	139	2	1	0	0	3	11	12	2	2	2	5	31200	2	1	6	132	0	0	0	4	0	3	2	1	5	0	7	0	0	0	1	4	35	0	79	49585	284	0	0	1	0	1	6	9	2227	847	0	38	3	37	0	6394	0	0	0	0	182	816
k__Bacteria;p__Firmicutes;c__Bacilli;o__Lactobacillales;f__Lactobacillaceae;g__Lactobacillus;s__Lactobacillus rhamnosus	0	0	12	4	66	0	0	1	48	2	0	0	11	7	1	1	7	0	0	0	46	2	8	5	0	0	3	21578	1	0	0	4	0	37	1	0	1	1	170	1	0	57	195	182	1328	3	4	40	3819	0	0	4	0	1	0	391	0	1	1	1	0	0	0	0	3	5	0	489	113	5648	3	0	0	0	2	71	13	16	6016	0	74	0	1	1	83	0	0	0	1	378	319
k__Bacteria;p__Firmicutes;c__Bacilli;o__Lactobacillales;f__Streptococcaceae;g__Streptococcus;NA	4041	344	1148	1295	3371	12	359	0	483	105	23	29	16	496	215	5205	1644	1809	9	4	53	50	3991	290	171	1745	613	56	357	2	334	271	58	171	35	16	258	1737	44	60	17	3975	10	382	28	64	710	58	10	6262	13	46	114	23	27	537	25	42	60	194	41	11825	40	178	60	2413	21	9	392	327	27	949	13	143	2798	163	45	3623	62	3	1015	243	41	116	15	166	83	30	372	382	193
k__Bacteria;p__Firmicutes;c__Bacilli;o__Lactobacillales;f__Streptococcaceae;g__Streptococcus;s__Streptococcus agalactiae	5	0	2	5	0	0	1	0	2	0	0	0	0	0	1	14	0	0	2	0	0	1	178	0	0	13	2	0	0	0	0	0	0	3	1	6	0	7329	1	0	0	4	0	1	0	0	0	1	0	199	0	2	0	0	2	6	3	0	0	0	0	15	0	0	0	12	0	0	0	2	0	0	0	0	17	1	3	0	1	0	2	0	0	0	0	1	0	0	0	5	0
k__Bacteria;p__Firmicutes;c__Bacilli;o__Lactobacillales;f__Streptococcaceae;g__Streptococcus;s__Streptococcus gallolyticus	16	4	29	78	43	2	1163	9	9795	6	1	1	121	458	1332	30	40	45197	0	4	6	5	45647	6	9	49750	14	0	5	11	0	5	0	3	5	68	11	48	33	4	3	57	5	34	2	5	24	1159	32	142863	0	3	1	1	8	61	24	7	3	3	64	52	7	7	172	1516	3	0	7	18	2	10	0	2	63903	32	87	58	1286	0	15	0	14	4	2	4	10	0	1	12871	3945
k__Bacteria;p__Firmicutes;c__Bacilli;o__Lactobacillales;f__Streptococcaceae;g__Streptococcus;s__Streptococcus mitis	409	38	269	329	1624	39	105	3	367	145	8	91	6	165	180	871	1156	28	82	0	121	21	238	504	734	12	14	844	163	20	53	306	23	52	72	38	27	914	154	39	107	187	5	291	14	13	30	19	9	433	2	12	179	65	87	171	28	68	9	17	66	852	14	878	180	779	28	5	68	123	4	134	32	207	355	183	54	2257	19	11	166	20	73	82	39	46	54	23	17	141	59
k__Bacteria;p__Firmicutes;c__Bacilli;o__Lactobacillales;f__Streptococcaceae;g__Streptococcus;s__Streptococcus parasanguinis	355	42	147	215	2877	69	27	0	619	580	21	5	33	202	118	1608	198	66	32	21	325	6	2129	3794	6	74	290	64	32	3	1969	40	836	66	73	43	606	5490	69	562	64	17160	17	1420	165	990	112	33	1	947	58	46	325	4	13	1418	3	73	24	205	1	3106	34	480	3	1123	0	233	2078	44	54	84	0	84	271	270	57	4226	5	1	1454	964	183	10	41	24	1000	66	54	41	185
k__Bacteria;p__Firmicutes;c__Bacilli;o__Lactobacillales;f__Streptococcaceae;g__Streptococcus;s__Streptococcus pneumoniae	166	20	189	248	752	25	66	1	216	91	5	44	5	95	95	468	586	8	0	0	48	9	68	266	515	8	5	67	89	2	19	133	10	23	30	22	14	409	107	27	42	73	1	164	2	4	3	15	4	246	1	5	109	37	20	83	14	44	3	3	30	277	9	367	108	367	24	4	57	59	4	58	19	187	195	119	23	1166	18	3	48	6	54	33	24	31	36	8	9	64	30
k__Bacteria;p__Firmicutes;c__Bacilli;o__Lactobacillales;f__Streptococcaceae;g__Streptococcus;s__Streptococcus salivarius	33925	4299	6092	20566	74502	8	3392	10	91	1117	365	63	37	6328	967	80036	22332	509	6	40	13	739	37682	92	4	26	11950	381	4569	2	3719	2885	571	1017	325	24	5802	18359	68	755	5	72149	7	3581	432	391	3461	185	153	2880	206	829	300	323	121	2947	16	46	930	3754	52	164733	662	21	12	8867	142	41	4730	3932	361	16433	23	1706	3480	1405	819	38915	1	72	16248	2846	343	1576	7	3244	494	20	6361	464	1965
k__Bacteria;p__Firmicutes;c__Bacilli;o__Lactobacillales;f__Streptococcaceae;g__Streptococcus;s__Streptococcus thermophilus	23590	1215	2434	1683	2628	0	1076	1	60	171	40	23	12	756	708	7331	5166	236	29	2	8	113	2031	23	5	53	541	34	499	15	423	444	29	559	14	6	272	2017	15	39	6	3428	358	221	59	20	1066	74	17	678	5	48	254	27	416	973	6	11	86	351	16	26900	40	5	1	3229	16	4	513	1023	42	832	7	103	1381	190	86	6992	4	20	2961	277	49	135	0	172	73	3	526	55	349
k__Bacteria;p__Firmicutes;c__Clostridia;o__Clostridiales;NA;NA;NA	0	174	11	94	149	26	225	0	507	6	56	121	109	215	894	6	8	2935	2907	1	2567	0	115	523	1	214	31	1407	19	761	447	2	0	299	172	494	1	542	21	0	1439	346	167	137	446	56	1	180	38	204	4	4	0	337	2323	3	179	9960	13	2173	154	0	591	251	42	230	5420	101	506	6	275	18	238	103	188	66	187	14	269	436	3635	695	438	29	129	81	4	65	31	1152	541
k__Bacteria;p__Firmicutes;c__Clostridia;o__Clostridiales;f__;g__Flavonifractor;s__Flavonifractor plautii	1	9	76	192	2	12	4	7	341	5	12467	3	7461	8170	383	24	23	13339	18040	1	27	5	84	4	0	4	13	2	4	8831	0	13	1	2	24	11	3	688	33	0	1183	4	13853	14	10	10	1	1463	12	2	0	0	3	31	5706	31	107	32637	3	13	25	5	15930	10	142	471	51	4877	25	14	12	3	3347	8	6	55	209	121	3254	488	41221	17	10028	6	3307	16	3	13	2	5791	1008
k__Bacteria;p__Firmicutes;c__Clostridia;o__Clostridiales;f__Clostridiaceae;g__Clostridium;NA	0	0	130	2781	20	201	404	0	137	0	3	570	52	22	1	169	253	102	38	1	0	0	286	184	130	7	1001	0	0	36	1215	0	0	8	3930	1085	0	17	14	0	67	5312	29	1	22	241	0	2375	14	0	0	2	0	1422	2	13	550	47	727	209	1	0	0	1995	262	1143	0	4	667	267	0	0	1	0	1	2	4	1	21	0	2	0	13	81	3	0	0	8	0	23	148
k__Bacteria;p__Firmicutes;c__Clostridia;o__Clostridiales;f__Clostridiaceae;g__Clostridium;s__Clostridium baratii	0	0	0	278	3	6	11	0	4	0	0	49	1	5	0	0	12	8	2	0	0	0	8	0	5515	8	1728	0	0	5	0	0	0	0	96	33	0	0	1	0	1	2659	4	0	0	1059	0	2	1	0	0	0	0	118	0	0	47	1	29	3	0	0	0	175	0	33	0	0	2	5	0	0	0	0	0	0	6	0	0	0	0	0	3	3	1	0	0	2	0	9	15
k__Bacteria;p__Firmicutes;c__Clostridia;o__Clostridiales;f__Clostridiaceae;g__Clostridium;s__Clostridium butyricum	0	0	0	273	22	15	24	0	10	0	0	39	3	47	0	0	0	7	3	1	0	0	3	0	0	0	60	0	0	2	23591	0	0	0	209	69	0	1	0	0	0	247	7	0	67	1	0	1	4	0	0	1	1	108	0	0	60	4	27	22	0	0	0	215	1	81	0	0	10807	17	0	0	0	0	0	0	0	0	3	0	0	8	4	1	0	0	0	0	0	23	890
k__Bacteria;p__Firmicutes;c__Clostridia;o__Clostridiales;f__Clostridiaceae;g__Clostridium;s__Clostridium neonatale	1	0	4	121	290	7503	15210	1	5696	2	3	903	1731	2517	0	8	17	2350	626	2	0	0	3	26	1	44	22421	2	0	6	7	2	0	3	103124	32550	0	33	924	1	2415	134141	294	3	444	5	3	170	123	0	2	4	1	1357	14	2	34	2060	6	11144	0	2	1	67	28	31363	0	0	9	15204	2	3	1	0	1	2	119	4	1028	2	2	8	3	12	6	4	7	215	1	997	5153
k__Bacteria;p__Firmicutes;c__Clostridia;o__Clostridiales;f__Clostridiaceae;g__Clostridium;s__Clostridium paraputrificum	15	12	8	99530	213	1	2	3	3	17	0	14769	918	1207	6	4	29	872	1801	15	1	1	7	3	17	63	34	0	0	2028	79	2	0	0	15	1607	0	28	24	0	51	6010	2374	1	2	39	4	233	320	3	1	72	11	63962	98	4	28345	11	13	0	0	0	1	64231	10	10	3	5	86	3	0	8	0	11	3	55	102	9	1	1	0	3	606	9	90	3	0	10	0	401	3581
k__Bacteria;p__Firmicutes;c__Clostridia;o__Clostridiales;f__Clostridiaceae;g__Clostridium;s__Clostridium perfringens	2	0	8337	0	5	1	1	0	4	4	0	7	1	3162	0	13935	26735	69	0	1	1	2	9807	11215	45	0	11707	0	3	0	2	0	0	2	6947	1749	2	2626	5	4	0	100508	1	2	3	15379	0	362466	4	1	0	1	9	7706	0	0	23	270	29	2	2	2	0	9	22656	5	0	1	9	3	0	0	3	0	1	1	51	34	23	0	4	11	1	2091	9	0	0	2	0	442	1038
k__Bacteria;p__Firmicutes;c__Clostridia;o__Clostridiales;f__Clostridiaceae;g__Hungatella;s__Hungatella hathewayi	0	1	87	2	3	486	1	0	2	1	0	1	1	13	15	10	6	66	279	7	95	0	0	12994	0	1	1	552	0	79	0	0	5	5	12	1	0	791	0	2	159	26	6	0	7	5	3	20	0	1	0	0	0	6	1922	0	11	4	0	68	5	8	75	0	1	107	11	0	0	8	237	0	14	5	13	4	132	146	9	38	84984	0	136	9	531	0	0	3	0	87	37
k__Bacteria;p__Firmicutes;c__Clostridia;o__Clostridiales;f__Eubacteriaceae;g__Eubacterium;s__Eubacterium ramulus	6	21	6	43	38	8	15	99	41	467	7	24	3	173	282	22	1	1184	400	1	268	491	113	0	6	173	23	288	19	104	12	13	1	65	176	56	64	2332	234	2	610	66	0	9	2	1	16	95	10	134	4	5	23	247	1104	31	416	359	8	27	35	2	38	86	19	209	23	0	11	4	36	10	0	2	232	1090	6	2	43	13	8	6	64	9	11	1	0	10	0	310	252
k__Bacteria;p__Firmicutes;c__Clostridia;o__Clostridiales;f__Eubacteriaceae;g__Eubacterium;s__Eubacterium ventriosum	0	200	0	2	40	0	9	0	24	1	0	0	0	64	16	0	0	1483	36	1	45	0	1	0	0	2	1	22	0	56	77	0	0	0	0	28	0	33	0	0	210	2	0	1	148	0	0	27	1	0	0	0	0	0	1563	0	0	116	0	1080	0	0	19	0	1	10	79	0	77	0	131	33	0	0	0	5	0	0	4	4	38	110	64	4	18	0	0	0	0	364	237
k__Bacteria;p__Firmicutes;c__Clostridia;o__Clostridiales;f__Lachnospiraceae;NA;NA	2	121	5	14	40	2	230	3	474	2	2	56	38	33	694	1	3	1755	1836	1	1268	1	48	84	0	109	41	873	17	409	19	2	0	315	31	90	2	61	15	0	1033	510	42	137	45	83	19	93	48	195	2	17	23	170	1477	11	45	6418	3	357	144	0	352	67	23	57	2008	52	23	16	123	3	35	58	87	25	13	9	238	70	872	65	292	54	43	72	1	43	64	542	163
k__Bacteria;p__Firmicutes;c__Clostridia;o__Clostridiales;f__Lachnospiraceae;g__Anaerostipes;s__Anaerostipes caccae	0	1	0	0	0	2	2	0	4	1	0	0	0	113	2	0	0	2	86	1	1	0	0	0	0	3	3	2	0	16	0	0	0	1	2	8114	0	0	1	0	21025	24	0	2	0	3	0	6	0	0	0	0	0	1	3216	3	0	4	0	0	0	0	1	0	53	0	0	0	0	0	7	0	0	3	0	0	7	0	7	0	4	0	27	0	0	0	0	0	0	14	89
k__Bacteria;p__Firmicutes;c__Clostridia;o__Clostridiales;f__Lachnospiraceae;g__Blautia;s__[Ruminococcus] torques	0	32	0	0	0	0	148	1	266	0	0	2	13	2	114	0	0	352	292	1	1	0	1	0	0	39	14	184	0	62	0	0	0	204	0	11	0	10	2	0	225	115	0	6142	0	22	0	19	0	235	0	10	0	2	152	0	0	191	0	0	340	0	87	0	0	3	11	5	2	2	220	0	7	0	2	4	3	2	291	26	2	0	122	250	2	6	2	43	9	59	7
k__Bacteria;p__Firmicutes;c__Clostridia;o__Clostridiales;f__Lachnospiraceae;g__Blautia;s__Blautia obeum	1	101	18	5	15	0	24	0	53	2	0	54	0	93	786	1	11	1477	895	0	22098	2	51	0	0	61	31	642	1	234	0	2	0	94	57	9	3	5	636	0	16567	124	0	32	9	1	0	34	6	121	1	2	1	130	1410	3	26	1093	0	264	26	0	37	98	35	35	304	1	0	1	63	0	3	0	56	4	6	45	44	7	48	0	60	0	9	0	1	8	0	410	386
k__Bacteria;p__Firmicutes;c__Clostridia;o__Clostridiales;f__Lachnospiraceae;g__Blautia;s__Blautia producta	0	32	2	0	0	0	160	0	279	0	0	0	2	2	103	0	0	26	330	0	8	0	0	6	0	31	22	105	0	69	0	0	0	0	0	4	0	18	1	0	494	382	4	7	0	64	0	6	0	31	0	0	0	0	19	1	1	12	0	0	3	0	146	2	4	0	0	0	0	0	60	0	14	0	0	0	16	2	47	23	1416	0	48	0	5063	0	0	15	0	9	7
k__Bacteria;p__Firmicutes;c__Clostridia;o__Clostridiales;f__Lachnospiraceae;g__Coprococcus;s__Coprococcus comes	0	6	4	5	5	0	21	3	34	1	3	17	1	4	47	0	3	3305	345	0	2818	2	34	9	0	89	1	2212	328	76	0	0	0	34	11	5	0	3	8	0	1624	20	5	20	0	5	0	86	45	126	1	0	0	39	2727	2	17	1515	0	7	5	0	157	26	4	59	28	1	0	0	51	0	2	5	28	4	13	7	82	26	2	0	228	0	3	3	0	8	0	797	44
k__Bacteria;p__Firmicutes;c__Clostridia;o__Clostridiales;f__Lachnospiraceae;g__Faecalicatena;s__Faecalicatena contorta	0	16	0	2	9	3	33	1	86	3	0	0	4	4	133	0	0	73	803	0	38	0	2	32	1	1	10	284	1	156	0	0	0	60	0	306	1	231	5	0	633	121	7	149	0	15	0	10	0	7369	5	1	0	0	56	1	1	221	0	3	0	0	307	0	1	0	755	1	0	1	64	0	13	0	5	1	0	3	156	48	59	0	98	1	52	0	0	0	0	46	15
k__Bacteria;p__Firmicutes;c__Clostridia;o__Clostridiales;f__Lachnospiraceae;g__Fusicatenibacter;s__Fusicatenibacter saccharivorans	0	62	0	2	5	0	105	0	238	0	3	2	206	193	187	6	1	298	530	0	350	0	190	15	0	25	7	231	0	123	12	2	0	118	61	213	3	32	19	0	5772	33	359	372	40	16	3	2382	8	3	0	11	4	5	377	4	143	269775	0	139	156	0	32	0	813	2	204	221	0	5	87	3	13	429	8	5	6	1	37	19	82	229	235	84	75	346	2	104	277	109	148
k__Bacteria;p__Firmicutes;c__Clostridia;o__Clostridiales;f__Lachnospiraceae;g__Lachnoclostridium;s__[Clostridium] citroniae	1	0	1	2	0	32	2972	0	7864	1	1	10	0	5	8	0	3	36	766	0	61	0	0	759	0	0	3	71	3	304	0	0	0	1	1	1	0	10	0	0	172	11	1	1	2	1	1	34	2	3	0	0	0	9	342	1	0	23	0	37	2	0	238	0	1	2	21	0	0	1	9	599	279	0	4	2	94	2	3	1258	750	0	87	0	94	0	7	0	0	82	0
k__Bacteria;p__Firmicutes;c__Clostridia;o__Clostridiales;f__Lachnospiraceae;g__Lachnoclostridium;s__[Clostridium] symbiosum	0	2	2	4	3	14	2	0	9	0	1	0	0	2	2	0	0	360	151	0	241	0	0	295	0	0	1	43	4	59	10	0	0	1	0	1	0	22	0	0	271	0	0	0	5	0	0	14	2	124	0	0	0	0	562	0	18	477	0	73	0	2	34	2	1	2	241	0	23	0	119	0	14	0	0	1	0	5	6	15	1994	25	78	0	8	0	0	0	0	114	15
k__Bacteria;p__Firmicutes;c__Clostridia;o__Clostridiales;f__Lachnospiraceae;g__Roseburia;s__Roseburia hominis	0	4	1	0	4	0	18	1	32	1	1	0	143	2	42	0	3	2256	133	1	237	0	2	8	0	3	3	78	1	24	0	0	0	9	1	1	0	3	2	0	158	4	195	318	3	3	0	61	8	8	0	0	1	0	2681	1	0	791	0	68	0	0	17	0	0	0	7238	170	0	2	11	0	4	322	0	1	0	3	13	3	74	0	36	10	9	329	0	0	0	760	15
k__Bacteria;p__Firmicutes;c__Clostridia;o__Clostridiales;f__Lachnospiraceae;g__Roseburia;s__Roseburia intestinalis	1	14	1	2	35	0	14	0	30	4	0	16	2	5	67	0	0	232	105	0	51	0	16	0	0	11	0	140	0	33	0	0	0	7	6	288	1	263	2	0	123	2	0	7	3	0	0	19	0	98	5	0	0	39	652	1	21	3159	0	104	5	0	144	48	7	64	376	0	0	0	18	0	12	0	14	0	0	1	3	24	202	0	31	0	3	0	0	3	0	82	22
k__Bacteria;p__Firmicutes;c__Clostridia;o__Clostridiales;f__Lachnospiraceae;g__Tyzzerella;s__Tyzzerella nexilis	1	301	18	204	69	6	608	17	1475	22	10	71	58	45	1336	0	25	87516	5526	10	1292	12	90	17	0	208	14	1819	10	1180	55	15	0	822	21	126	4	141	62	0	2196	181	84	146	26	30	0	2033	65	360	10	4	1	221	76714	4	122	547	2	182	173	0	1353	135	23	197	129	57	41	5	402	3	82	89	128	5	32	6	508	197	59	51	4284	16	11	96	5	63	29	22828	578
k__Bacteria;p__Firmicutes;c__Clostridia;o__Clostridiales;f__Peptostreptococcaceae;g__Clostridioides;s__Clostridioides difficile	0	18	0	16	33	134	1	0	3	5	0	39	24	2	69	0	5	625	5302	1	33	0	44	1	0	60	0	178	0	717	0	0	0	0	130	16	0	0	1	1	164	0	44	4	0	0	0	52	0	94	4	1	0	109	231	0	25	7	0	0	3750	0	2	45	1	54	0	0	2	0	17	0	4	0	74	1	1	1	3	0	4	0	516	20	0	1	0	0	0	168	44
k__Bacteria;p__Firmicutes;c__Clostridia;o__Clostridiales;f__Peptostreptococcaceae;g__Intestinibacter;s__Intestinibacter bartlettii	0	6	0	0	9257	0	3	1	3	1281	0	17	1	89	27	0	0	733	91	4	51	0	24	0	0	45	1	60	0	17	22	2	0	0	2	1	1044	0	0	0	559	0	6	0	0	0	0	19	2	49	1552	1	0	53	1069	0	31	9	0	1	6	0	2	26	0	632	0	0	0	0	2	0	0	2	48	2	0	0	10	0	0	0	15	8	399	0	0	5	0	127	30
k__Bacteria;p__Firmicutes;c__Clostridia;o__Clostridiales;f__Ruminococcaceae;NA;NA	0	1	0	0	8	2	3	0	8	0	4	0	4	31	1	0	0	31	41	0	20	0	0	4	0	5	0	38	4	33	2	0	0	0	1	3	0	1	0	0	7	0	14	1	29	0	1	10	3	0	0	5	0	0	26	0	1	372	0	335	0	0	6	0	0	2	4051	0	9	2	0	0	4	0	2	4	0	1	3	11	101	14	14	0	6	0	0	2	0	146	82
k__Bacteria;p__Firmicutes;c__Clostridia;o__Clostridiales;f__Ruminococcaceae;g__Acetivibrio;s__Acetivibrio ethanolgignens	0	6	1	2	1	1	4	0	18	0	0	11	814	60	1	1190	0	6	24	1	0	0	2	0	0	2	1	6	0	5	0	0	0	0	0	2	0	15	1	0	79	2	663	1	0	1	0	17	0	0	0	0	0	21	122	3	0	35	19	0	0	0	956	0	3	2	1	0	2	0	7	0	94	2	0	0	20	0	756	371	40	0	5	1	0	0	2	0	0	36	7
k__Bacteria;p__Firmicutes;c__Clostridia;o__Clostridiales;f__Ruminococcaceae;g__Anaerotruncus;s__Anaerotruncus colihominis	1	5	1	2	14	10	0	0	4	0	311	0	222	229	18	1	0	11	124	0	24	0	0	174	0	1	0	1	1	50	7	0	0	0	0	0	0	15	0	1	59	0	432	0	22	3	0	21	0	0	0	0	0	1	38	1	0	165	0	305	0	0	11	0	1	5	1601	124	2	0	3	0	3	0	1	1	9	5	119	78	1206	6	225	0	34	0	0	0	0	91	96
k__Bacteria;p__Firmicutes;c__Clostridia;o__Clostridiales;f__Ruminococcaceae;g__Faecalibacterium;s__Faecalibacterium prausnitzii	5	18	0	16	2185	0	4	0	18	0	5	42	4	4428	38	40	0	50	520	1	84	0	1	12	0	3	3	7	0	4142	46	0	0	0	4	175	1	1	3	1	26	0	2	1	3217	14	0	23	2	1	0	5	3	0	423	1	4	1665	2	66253	13	0	0	0	4	0	4576	6	34	0	2	3	1	0	1	2	1	0	9	6	25	102	10	4	2	0	1	0	0	483	12857
k__Bacteria;p__Firmicutes;c__Clostridia;o__Clostridiales;f__Ruminococcaceae;g__Gemmiger;s__Gemmiger formicilis	1	1	0	4	39	0	9	0	17	0	0	0	0	64	2	1	0	90	39	0	60	0	0	0	0	5	1	4	3	60	0	0	0	7	1	1	0	2	0	0	23	0	0	0	45	5	1	13	0	7	0	0	0	0	21	0	26	370	0	1028	0	0	1	0	1	0	22431	0	0	1	0	0	2	2	18	1	0	1	2	0	128	0	1	5	1	0	0	2	0	833	208
k__Bacteria;p__Firmicutes;c__Clostridia;o__Clostridiales;f__Ruminococcaceae;g__Subdoligranulum;s__Subdoligranulum variabile	0	0	1	0	0	1	3	0	6	2	7	0	0	13	42	0	0	31	124	0	75	0	0	33	0	3	0	150	0	29	19	0	0	0	0	0	0	0	0	0	159	0	1	0	22	1	0	8	2	1	0	0	0	0	53	0	19	192	0	13	0	0	27	0	1	0	8211	4	16	0	7	0	12	0	0	2	3	0	4	32	53	17	6	2	0	0	0	0	0	209	7
k__Bacteria;p__Firmicutes;c__Erysipelotrichia;o__Erysipelotrichales;f__Erysipelotrichaceae;g__Erysipelatoclostridium;s__[Clostridium] innocuum	2	14	1	13	15	2	3	0	6	5	0	53	4	24	81	1	2	162	3861	2	81	0	85	23	0	23	1	120	0	6630	0	0	0	0	13	12749	0	32	5	0	4858	9	4	17	10	3	0	47	0	321	1	13	0	185	29326	2	163	56	0	89	50	0	470	57	16	78	33	0	0	1	43	0	173	0	37	164	123	2	2683	364	237	3	615	18	28	25	1	179	41	96	22
k__Bacteria;p__Firmicutes;c__Erysipelotrichia;o__Erysipelotrichales;f__Erysipelotrichaceae;g__Erysipelatoclostridium;s__[Clostridium] spiroforme	0	15	0	11	0	0	0	1	12	0	14	4	0	49	5	0	3	10	3795	0	1	0	0	0	0	0	0	12	0	736	0	0	0	18	0	53	0	93	2	0	178	7	0	2	0	2	0	19	1	1	0	9	2	22	7	0	7	35	0	0	24	0	10	0	1	0	27	142	0	0	1114	0	2	0	9	0	1	0	0	4	2	0	153	10	2	0	0	31	49	14	0
k__Bacteria;p__Firmicutes;c__Erysipelotrichia;o__Erysipelotrichales;f__Erysipelotrichaceae;g__Erysipelatoclostridium;s__Erysipelatoclostridium ramosum	4	15379	5	34	3	6	72	1	13977	23	15916	1	1	34620	837	12	23	1	64	1	3	2	9	0	1	112	24	1	4	0	7	2	0	29067	4	70486	3	92008	812	1	3	0	1	2	5	2	3	116	0	3	2	0	2	51	562	11	3	4	5	46	23469	0	2	1	53	16	3	1017	16	4	1	0	883	2	6103	0	81	186	572	5755	25	14	113	4	0	1	6	0	0	533	7578
k__Bacteria;p__Firmicutes;c__Erysipelotrichia;o__Erysipelotrichales;f__Erysipelotrichaceae;g__Holdemanella;s__Holdemanella biformis	0	0	1	0	9	0	3	0	14	0	8	23	0	2	42	0	0	166	103	0	84	1	26	1	0	9	0	266	0	18	0	0	0	6	11	19	1	23	1	0	73	0	0	3	0	0	0	11	1	286	0	0	0	70	105	1	23	1318	0	0	20	0	11	109	7	40	556	1	0	0	316	0	0	0	17	0	3	1	4	1	0	0	1719	0	0	0	0	5	0	46	7
k__Bacteria;p__Firmicutes;c__Negativicutes;o__Acidaminococcales;f__Acidaminococcaceae;g__Acidaminococcus;s__Acidaminococcus intestini	0	0	115	0	0	0	476	0	501	0	0	0	1	11	0	0	3	0	333	0	0	0	0	0	0	0	0	0	0	485	0	0	0	0	1	454	0	739	1	0	815	0	0	1	0	0	0	12	0	0	0	0	2214	0	407	0	0	1	0	0	0	2	0	1	4	0	9	0	7	0	798	107	0	2	0	0	33	1	0	0	307	0	5179	0	0	0	2	0	0	14	7
k__Bacteria;p__Firmicutes;c__Negativicutes;o__Veillonellales;f__Veillonellaceae;g__Megasphaera;s__Megasphaera massiliensis	0	0	0	0	0	2	80	0	78	0	0	0	0	0	0	0	0	0	3	0	0	0	2	1	0	0	0	0	3	0	0	0	0	0	0	113	0	127	1	1	2	4	0	0	0	0	0	0	0	0	0	0	0	0	1	0	0	0	0	0	1	0	0	0	4	2	0	0	0	0	11037	25	0	2	0	0	49	1	0	0	101	0	7350	0	0	0	0	0	0	9	22
k__Bacteria;p__Firmicutes;c__Negativicutes;o__Veillonellales;f__Veillonellaceae;g__Veillonella;s__Veillonella parvula	3	106	2459	10692	7092	16	303	38	135	23	1	54	53100	336	2	1214	546	37794	23	10	0	3	7541	77	38	19912	10626	84	106	16	322	1574	51	11	41	53	14	9884	1531	2	745	13377	36935	55	152	2952	61	34162	551	2355	5	62	40	78	40	632	2	20839	4230	3672	40	20578	1114	1032	2993	31	18	4	59	854	26	479	3	4727	1147	2886	51	617	19754	31	1042	890	168	112368	2507	0	19	828	2011	9861	4249
k__Bacteria;p__Firmicutes;c__Negativicutes;o__Veillonellales;f__Veillonellaceae;g__Veillonella;s__Veillonella seminalis	3	0	59	25	2	4	49196	1	36293	1	0	0	1	64	1	27	107	1	2474	1	9	4	4	0	1	1	7	0	3	4384	2	20	0	10	9	53853	1	64641	2	2	6135	26	1	8	0	3	7	203	0	0	0	0	2	1	3163	4	4	2	11	8	1	8	2	4	48	55	3	0	5	9	7	9655	1	3	8	2	100	79	1	1	44821	0	1	2	0	0	28	2	28	373	37
k__Bacteria;p__Fusobacteria;c__Fusobacteriia;o__Fusobacteriales;f__Fusobacteriaceae;g__Fusobacterium;s__Fusobacterium mortiferum	2	0	0	0	0	0	0	0	2	2	0	0	0	353	0	2	0	0	0	2	0	2	0	1	3	2	1	0	0	0	0	0	0	0	0	1	0	0	0	0	0	0	0	0	0	0	0	1	0	69432	0	0	0	0	0	0	10	0	0	0	0	0	0	2	0	0	0	0	0	5	0	0	0	0	2	0	3	1	480	0	0	0	0	0	0	0	0	0	0	5	52
k__Bacteria;p__Proteobacteria;NA;NA;NA;NA;NA	15	0	79	186	1442	23	160	0	85	164	3	10	27	16	2	0	282	34	248	109	508	23	1343	1388	1	30	980	4	858	99	17	0	187	471	193	86	211	31	21	119	28	1801	50	29	2	847	1	6	58	310	262	1	76	19	21	615	98	92	67	24	370	2	7	5908	3817	152	4	0	32	4	0	109	1	3	3	38	29	12	74	6	767	0	9	87	10	0	11	73	22	77	74
k__Bacteria;p__Proteobacteria;c__Alphaproteobacteria;o__Rhodospirillales;f__Rhodospirillaceae;g__Inquilinus;s__Inquilinus limosus	21	15	35	134	53	22	22	226	34	1467	19	33	1	486	119	61	2	0	0	2	1	2081	10	15	21	0	88	6	27	0	130	33	7	37	47	123	159	7494	668	5	5	185	0	4	0	1	42	150	0	1	15	11	23	602	1	47	710	2	17	6	12	3	6	48	48	201	9	1	70	5	8	10	1	0	1	2428	3	3	4	0	11	8	18	26	0	1	3	13	1	123	1186
k__Bacteria;p__Proteobacteria;c__Betaproteobacteria;o__Burkholderiales;f__Burkholderiaceae;g__Ralstonia;s__Ralstonia pickettii	29	1	12	5	42	22	5	7	25	14	10	20	18	566	9	21	19	5	11	12	40	14	6	13	4	8	16	26	13	2	17	11	4	3	13	8	9	59	8	6	7	7	13	8	17	17	10	12	2	18	4	17	4	4	4	15	19	7	10	11	12	14	3	8	10	33	26	15	27	11	4	23	7	20	8	18	516	16	12	12	46	17	3	5	9	30	10	10	5	1052	2380
k__Bacteria;p__Proteobacteria;c__Betaproteobacteria;o__Burkholderiales;f__Sutterellaceae;g__Sutterella;s__Sutterella wadsworthensis	0	0	1	2	0	2	6413	0	8965	2	0	0	0	16	3	0	12	69	0	1	0	0	2	0	0	0	5	0	3	2	0	5	1	2	1	0	1	2	1	1	0	0	0	4106	0	3	14	47	0	0	0	0	0	1	3	0	1	2	2	0	0	0	0	0	1	3	5850	0	5	0	0	24366	2	952	0	0	1	15	2	0	0	3	1	0	0	191	3	0	4	387	15
k__Bacteria;p__Proteobacteria;c__Deltaproteobacteria;o__Desulfovibrionales;f__Desulfovibrionaceae;g__Bilophila;s__Bilophila wadsworthia	0	0	0	0	0	0	0	0	1	0	0	0	0	7	795	0	0	1	0	17	0	0	0	0	0	0	0	0	0	0	0	0	1080	0	0	1	1	2	0	2677	0	2	0	0	0	4	0	6	0	3	0	2	0	0	1316	0	1	0	0	0	0	3	1	0	1	2	316	0	2	0	1943	0	1	0	0	0	9	0	0	12	0	6	1524	2	0	0	0	2	0	32	59
k__Bacteria;p__Proteobacteria;c__Gammaproteobacteria;NA;NA;NA;NA	120	41	135	1369	391	42	257	0	147	758	143	288	24	135	24	0	331	46	136	282	258	378	685	914	186	31	634	38	253	20	70	173	451	125	766	223	875	184	19	298	25	1368	26	29	5	748	2	21	56	225	1003	2	47	249	14	189	293	225	136	69	226	136	18	884	1386	137	0	21	52	12	4	195	3	3	52	50	12	41	63	36	506	6	31	88	13	0	260	76	6	41	148
k__Bacteria;p__Proteobacteria;c__Gammaproteobacteria;o__Enterobacterales;NA;NA;NA	50	184	1093	6791	1120	439	928	1	610	3815	1645	3890	68	1255	153	4	1734	172	679	1029	1434	4992	2439	3511	837	231	2903	477	1019	113	24	781	1610	501	3723	2938	4326	2692	135	1200	123	4290	114	216	14	3335	42	93	279	709	4929	23	238	2861	61	825	3032	968	516	223	1478	500	55	3823	5437	474	1	230	32	5	74	814	16	9	515	108	64	11	206	110	1570	14	161	158	152	0	1221	641	43	196	771
k__Bacteria;p__Proteobacteria;c__Gammaproteobacteria;o__Enterobacterales;f__Enterobacteriaceae;NA;NA	99	17021	22678	20548	7768	11281	22415	7	13724	105769	43506	109507	237	36042	6696	88	122035	2338	2613	100154	10851	116879	7616	15393	72532	7115	14152	18167	4326	480	646	40	146704	2293	84302	76784	110806	2003	404	124615	3859	15970	579	5741	735	15465	102	903	982	18514	112769	584	1202	84539	1438	2224	85750	21716	34646	14242	3806	29	4203	31564	20936	2344	11	6438	1034	85	1857	20738	973	253	14953	3080	6308	79	5080	9743	5539	774	3643	890	4489	58	4353	15639	160	6520	21058
k__Bacteria;p__Proteobacteria;c__Gammaproteobacteria;o__Enterobacterales;f__Enterobacteriaceae;g__Citrobacter;s__Citrobacter freundii	1	1	251	965	711	8	5	0	6	109	42	25	1275	44	0	1	176	38	151	93	669	88	693	947	54	48	11338	1	388	64	0	0	123	231	94	71	120	56	555	126	224	123821	2767	6	3	1589	10	135	26	4	102	0	94	11	29	138	53	51	124	49	1012	0	2	2384	3250	407	0	2	2	0	4	5	4	2	5	1	103	4	4	20	622	0	39	93	138	0	137	56	14	46	119
k__Bacteria;p__Proteobacteria;c__Gammaproteobacteria;o__Enterobacterales;f__Enterobacteriaceae;g__Cronobacter;s__Cronobacter sakazakii	5	1	7	541	340	6	0	0	1	69	3	4	4	15	0	0	134	66	135	18	149	1	65	4010	49	23	1020	15	632	19	0	0	29	592	38	1	71	20	21	18	36	238	5	2	7	1289	7	19	50	13	80	0	191	3	25	37	115	17	116	50	619	0	1	443	2192	313	0	2	0	0	0	0	0	2	2	0	7	5	2	0	946	0	22	53	7	0	844	0	36	36	37
k__Bacteria;p__Proteobacteria;c__Gammaproteobacteria;o__Enterobacterales;f__Enterobacteriaceae;g__Enterobacter;NA	21	0	3	21651	2248	7	1	1	2	1	0	0	2	4	0	1	40	1	6	2	47	0	15	8577	0	51	4615	0	2703	0	12	4	0	569	1	0	0	5	5	0	58	335	2	1	0	5557	11	24	3	0	0	2	443	0	48	8	1	1	1	1	1578	0	0	1203	1412	7	3	0	0	1	0	0	11	0	1	0	3	1	0	0	55	3	28	0	0	1	1906	0	68	41	82
k__Bacteria;p__Proteobacteria;c__Gammaproteobacteria;o__Enterobacterales;f__Enterobacteriaceae;g__Enterobacter;s__Enterobacter cloacae	55	0	23	112699	5643	11	42	4	34	9	5	34	38	13	0	1	271	23	606	6	512	141	893	42409	1	254	3531	8	12284	34	19	4	7	1468	13	3	6	53	29	5	331	2468	70	6	3	3492	5	63	196	3	9	0	314	23	171	596	11	4	130	56	2083	2	2	6453	8323	286	3	0	7	2	8	66	83	0	2	0	19	6	1	0	759	0	104	166	1	1	2348	0	84	114	171
k__Bacteria;p__Proteobacteria;c__Gammaproteobacteria;o__Enterobacterales;f__Enterobacteriaceae;g__Enterobacter;s__Enterobacter hormaechei	50	5	55	108817	202994	23	15	42	71	6	13	4	12	271	0	19	217	20	138	114	210	4	67	28258	3	676	437764	1	8901	22	1099	46	2	1558	30	3	3	93	79	6	724	18707	18	84	38	475626	20	1795	19	7	1	5	37030	3	430	28	7	14	35	12	75578	2	0	4151	5484	33	0	35	454	14	3	15	51	2	2	1	70	31	16	28	2950	51	55	2	28	19	118046	2	3957	1867	3782
k__Bacteria;p__Proteobacteria;c__Gammaproteobacteria;o__Enterobacterales;f__Enterobacteriaceae;g__Escherichia;s__Escherichia coli	266	31599	69048	4043	3857	39813	86547	19	52538	397160	159507	324915	76	122973	13144	254	240459	8038	1444	120752	16968	412996	1175	943	193802	20884	1822	39409	428	290	1623	25	179376	790	315737	280308	415403	473	49	149484	3768	2679	70	20423	894	2073	83	2217	125	71729	412767	1533	268	259324	2152	209	317956	81240	35977	15215	573	18	5306	28452	1185	407	35	22931	2790	341	6716	78232	1314	1095	52946	12000	7809	172	19659	13899	551	1201	12718	204	16724	206	271	53820	32	15552	46870
k__Bacteria;p__Proteobacteria;c__Gammaproteobacteria;o__Enterobacterales;f__Enterobacteriaceae;g__Klebsiella;NA	3	0	210	398	7	0	1	0	1	1	1	0	9	5	0	0	533	77	1189	47	1257	1	1793	88	0	7	84	3	180	72	2	0	68	386	0	3	1	2881	92	53	34	293	19	13	0	81	4	17	408	25	0	0	6	0	19	1072	0	1	17	16	329	0	3	2471	4266	616	0	10	0	2	0	0	0	0	1	0	3	12	18	0	2120	3	42	129	1	0	294	0	1	91	74
k__Bacteria;p__Proteobacteria;c__Gammaproteobacteria;o__Enterobacterales;f__Enterobacteriaceae;g__Klebsiella;s__Klebsiella aerogenes	8	14	816	3847	22	9	5	3	0	11	1	8	16	2	2	0	936	26	2637	2	2027	0	1102	758	11	5	221	4	90	53	0	4	3	163	13	8	22	293198	72	4	52	1061	48	2	0	159	6	30	194	0	19	1	10	15	3	216	12	3	0	17	167	2	0	404	1675	261	1	1357	2	2	1	0	0	0	1	0	61	13	33	0	1965	3	13	83	1	0	512	0	11	64	74
k__Bacteria;p__Proteobacteria;c__Gammaproteobacteria;o__Enterobacterales;f__Enterobacteriaceae;g__Klebsiella;s__Klebsiella oxytoca	7	22	649	3104	1148	26	18	12	41	82	12	26	1321	53	3	4	2837	9096	2884	25	5211	61	411343	2192	48	370	3030	32	938	7076	55	11	61	779	51	113	75	1552	235	34	1020	1607	1865	19	7	3351	11	589	612	10	78	16	267	8	1952	2621	44	570	168	293	46175	6	165	359703	432933	30336	38	6	34	14	3	10	0	51	40	30	914	93	26	6	1988	3	1299	28320	347	4	1294	41	30	6829	2617
k__Bacteria;p__Proteobacteria;c__Gammaproteobacteria;o__Enterobacterales;f__Enterobacteriaceae;g__Klebsiella;s__Klebsiella pneumoniae	9	6	25643	1076	794	12	128	17	114	138	10	30	32	60	3	35	796	1069	38223	275	1753	546	6102	1892	11	148	74	13	981	1122	7	7	468	33509	243	220	164	4654	8718	314	843	435	50	369	10	83	19	509	29415	31	230	0	9	15	60	74237	465	75	8	14	961	18	94	16388	9716	635	4	7	9	106	16	193	11	25	21	1	742	525	522	57	225467	8	1242	320	38	7	448	40	25	2404	2795
k__Bacteria;p__Proteobacteria;c__Gammaproteobacteria;o__Enterobacterales;f__Enterobacteriaceae;g__Pluralibacter;s__[Enterobacter] lignolyticus	1	0	2	1278	9	30	2	0	1	64	3	0	3	9	0	0	168	10	39	27	578	2	53	870	19	4	80	2	222	1	2	38	44	82	58	42	81	25	12	44	17	335	4	1	2	74	6	3	1	0	70	1	3	0	4	4	118	17	36	19	95	17	0	148	506	42	0	4	0	0	0	0	3	2	2	0	7	2	0	0	376	0	4	7	8	0	100	0	1	9	22
k__Bacteria;p__Proteobacteria;c__Gammaproteobacteria;o__Enterobacterales;f__Enterobacteriaceae;g__Pluralibacter;s__Pluralibacter gergoviae	9	1	2	553	9	18	0	0	0	162	8	3	5	18	0	1	38	5	14	0	89	12	97	290	57	7	7006	1	1408	10	2	5	0	38	88	9	266	3	19	1	53	490	3	1	2	8379	7	6	9	0	210	0	593	1	1	3	51	36	12	7	80	5	3	165	852	831	0	0	14	0	4	0	1	2	3	0	0	1	1	0	13	8	10	8	5	0	56	12	2	27	59
k__Bacteria;p__Proteobacteria;c__Gammaproteobacteria;o__Enterobacterales;f__Enterobacteriaceae;g__Salmonella;s__Salmonella enterica	0	9	17	457	39	3	1	0	1	43	181	169	38	153	12	0	203	5	58	334	315	1557	149	423	71	7	1016	27	78	4	0	2	490	21	25	903	39	21	14	442	28	2854	75	2	12	884	16	10	28	11	44	2	60	126	11	66	291	7	172	80	230	3	0	426	608	74	0	48	2	1	0	0	2	2	1	1	6	1	4	15	504	3	4	8	17	0	213	136	7	18	59
k__Bacteria;p__Proteobacteria;c__Gammaproteobacteria;o__Enterobacterales;f__Enterobacteriaceae;g__Shigella;NA	0	94	165	0	7	69	74	0	35	457	187	487	0	127	49	0	619	9	2	511	48	778	1	24	492	35	1	110	0	0	0	0	777	2	398	567	473	1	0	651	21	0	1	18	2	5	0	2	0	70	498	5	0	396	6	0	396	106	213	87	0	0	27	109	1	3	0	27	2	0	10	76	5	2	50	6	26	0	23	48	2	8	12	1	21	1	0	51	0	27	126
k__Bacteria;p__Proteobacteria;c__Gammaproteobacteria;o__Enterobacterales;f__Enterobacteriaceae;g__Shigella;s__Shigella dysenteriae	3	726	608	45	122	248	144	1	76	2620	979	2562	1	740	257	1	4672	16	39	1987	188	3257	1	28	2222	207	59	789	54	11	10	0	2876	24	2248	1747	2841	0	0	2431	112	143	2	141	26	47	0	20	4	104	3034	14	9	1987	28	4	2456	605	1269	494	30	0	82	421	120	10	1	163	32	3	48	137	11	5	339	6	132	2	23	154	6	11	86	13	129	0	1	388	0	228	475
k__Bacteria;p__Proteobacteria;c__Gammaproteobacteria;o__Enterobacterales;f__Enterobacteriaceae;g__Shigella;s__Shigella flexneri	5	686	775	166	71	313	248	0	133	2304	1272	4208	0	1011	282	5	5896	24	62	6702	244	3272	12	56	3109	260	52	834	163	17	24	0	9624	21	1857	2066	2383	8	2	8321	251	170	0	150	48	65	2	26	4	135	2509	23	2	5141	61	4	2681	482	1977	858	7	0	275	1281	92	7	0	173	32	2	58	216	39	11	433	18	321	1	45	555	17	48	95	4	146	0	15	386	0	219	801
k__Bacteria;p__Proteobacteria;c__Gammaproteobacteria;o__Enterobacterales;f__Erwiniaceae;g__Erwinia;s__Erwinia teleogrylli	0	1	119	1938	7	49	7	0	5	370	163	563	11	120	0	1	117	27	45	8	62	642	2542	38	1	25	245	0	13	36	5	0	2	21	392	382	436	62	2	7	6	60	19	25	0	264	3	7	9	6	494	2	18	379	12	357	301	119	2	4	340	0	0	1436	1304	64	0	32	9	1	3	8	7	3	55	1	4	0	0	0	90	0	18	219	14	1	49	71	0	73	89
k__Bacteria;p__Proteobacteria;c__Gammaproteobacteria;o__Enterobacterales;f__Yersiniaceae;g__Serratia;s__Serratia liquefaciens	0	0	4	71	1	1	0	0	0	1	0	0	0	0	0	0	3	11	9	0	10	0	1	9	0	0	1	0	3	3	0	124	0	2	1	0	0	2	5955	0	3	15	1	0	0	0	1	18	0	0	2	0	0	0	1	0	0	4	5	3	1	64	0	3	29	17	0	0	0	0	0	0	0	0	0	0	0	1	0	0	11	0	0	0	0	0	0	0	0	9	22
k__Bacteria;p__Proteobacteria;c__Gammaproteobacteria;o__Enterobacterales;f__Yersiniaceae;g__Serratia;s__Serratia marcescens	0	0	3	353	0	3	5	1	4	2	0	0	0	2	1	0	3	1	0	0	62	0	1	65	1	0	12	3	12	1	0	65771	0	1	1	2	0	14	4	1	0	80	0	2	0	3	6	3489	0	1	1	0	1	0	1	4	0	1	4	0	1	40585	0	22	18	10	0	0	9	0	2	0	1	0	4	1	9	19	2	0	4	0	68	0	0	0	6	2	0	173	59
k__Bacteria;p__Proteobacteria;c__Gammaproteobacteria;o__Enterobacterales;f__Yersiniaceae;g__Yersinia;s__Yersinia pestis	1	1	85	0	4	27	41	0	27	1391	156	63	0	100	1	0	32	7	0	60	15	1368	0	1	18	22	1	1	0	0	0	0	82	2	950	963	1596	44	2	82	2	2	0	18	0	0	1	5	29	137	1465	0	0	63	3	0	1316	277	0	1	4	2	6	1	26	0	0	20	0	2	3	30	5	5	40	14	3	0	34	15	0	6	5	1	53	0	0	401	1	5	22
k__Bacteria;p__Proteobacteria;c__Gammaproteobacteria;o__Pasteurellales;f__Pasteurellaceae;g__Haemophilus;s__Haemophilus influenzae	1487	0	60	289	3	2	99	0	17	1	0	11	2	7	2	4	6	0	0	0	14	0	167	344	0	0	0	21	8	0	317	4	0	29	4	6	1	316	3	0	9	0	0	1	24	0	12	2	1	96	0	0	15	162	0	17	0	15	0	0	49	95	0	21	0	194	3	0	411	71	1	76	3	0	1	40	1	499	19	3	8	23	21	55	1	0	0	108	0	9	15
